2024-05-01
2024-06-01
AAPL,AMZN,DELL,GOOG,GOOGL,META,MSFT,NVDA,TSLA,UNH
13.217647776884192,0.0581626354235981
-2.982573571918191,0.03530932664464955
13.660321563048184,0.15445315841428128
4.843369449477597,0.03889952426699746
4.952241669074109,0.040099203457009666
9.137633340159223,0.10900534646190647
5.827003499521053,0.10263107567173976
29.0370324441505,0.9112568705528743
-2.2722280235956824,0.03695603203899575
3.4761931566659827,0.1367606015493639
=====
1.0,0.2967386654308704,0.12584765587341404,-0.01834898362544396,-0.021741646920569836,0.27271469340401483,0.4438504810987995,0.13977618179697301,0.178804717017327,-0.15515925741792141
0.2967386654308704,1.0,0.3220078931628437,0.33567336291412514,0.33359860653207585,0.5078020090153457,0.49997072988790264,0.27594297580975446,0.1959983985333107,-0.2117161283706192
0.12584765587341404,0.3220078931628437,1.0,0.23615423975926175,0.22811530815133205,0.4885183435659534,0.3878856571078021,0.43296326198543283,0.0311834367578013,-0.3021162156173343
-0.01834898362544396,0.33567336291412514,0.23615423975926175,1.0,0.9972495950538784,0.2048237933656103,0.32246572724227673,0.1715432475688847,-0.038567991042903316,0.1297889368129155
-0.021741646920569836,0.33359860653207585,0.22811530815133205,0.9972495950538784,1.0,0.20851098835755907,0.31825536422763867,0.1654867507324249,-0.03444214541806109,0.12315549820711376
0.27271469340401483,0.5078020090153457,0.4885183435659534,0.2048237933656103,0.20851098835755907,1.0,0.5842537810638315,0.2869612523101567,0.12828831993158551,-0.14254894984327587
0.4438504810987995,0.49997072988790264,0.3878856571078021,0.32246572724227673,0.31825536422763867,0.5842537810638315,1.0,0.39235622751114835,0.08771721375230783,-0.008934868669986103
0.13977618179697301,0.27594297580975446,0.43296326198543283,0.1715432475688847,0.1654867507324249,0.2869612523101567,0.39235622751114835,1.0,0.0018880680570315229,-0.16903064832854844
0.178804717017327,0.1959983985333107,0.0311834367578013,-0.038567991042903316,-0.03444214541806109,0.12828831993158551,0.08771721375230783,0.0018880680570315229,1.0,-0.08518511605842294
-0.15515925741792141,-0.2117161283706192,-0.3021162156173343,0.1297889368129155,0.12315549820711376,-0.14254894984327587,-0.008934868669986103,-0.16903064832854844,-0.08518511605842294,1.0
